min
temps=6000:3600
latlon=51.341137:6.851654
speed=250
method=Auto
map=177.00,100;3.00,100;-6.00,0;-174.00,0;
